炎スライム *,10,10,10,10,10,10,10
水スライム 10,*,10,10,10,10,10,10
氷スライム 10,10,*,10,10,10,10,10
雷スライム 10,10,10,*,10,10,10,10
風スライム 10,10,10,10,*,10,10,10
岩スライム 10,10,10,10,10,*,10,10
草スライム 10,10,10,10,10,10,*,10
狂風のコア 10,10,10,10,*,10,10,10
幻形リス・水 -40,*,15,15,15,15,15,15
幻形イノシシ・水 -40,*,15,15,15,15,15,15
幻形アヒル・水 15,*,-40,15,15,15,15,15
幻形カニ・水 15,*,-40,15,15,15,15,15
幻形トビ・水 15,*,15,-40,15,15,15,15
幻形ツル・水 15,*,15,-40,15,15,15,15
幻形スズメ・水 15,*,15,15,15,-40,15,15
幻形カエル・水 15,*,15,15,15,-40,15,15
炎フライム *,10,10,10,10,10,10,10
水フライム 10,*,10,10,10,10,10,10
氷フライム 10,10,*,10,10,10,10,10
雷フライム 10,10,10,*,10,10,10,10
風フライム 10,10,10,10,*,10,10,10
岩フライム 10,10,10,10,10,*,10,10
草フライム 10,10,10,10,10,10,*,10
ヒルチャール 10,10,10,10,10,10,10,10
ヒルチャール暴徒 10,10,10,10,10,10,10,30
ヒルチャールシャーマン 10,10,10,10,10,10,10,10
ヒルチャール・雷兜の王 10,10,10,70,10,10,10,50
ヒルチャール・岩兜の王 10,10,10,10,10,70,10,50
ヒルチャール・霜鎧の王 10,10,70,10,10,10,10,50
アビスの魔術師 10,10,10,10,10,10,10,10
アビスの使徒・激流 10,10,10,10,10,10,10,10
アビスの詠唱者・淵炎 10,10,10,10,10,10,10,10
アビスの詠唱者・紫電 10,10,10,10,10,10,10,10
獣域ウェルプ・雷 20,20,20,20,20,20,20,20
獣域ウェルプ・雷(耐性アップ状態) 20,20,20,-10,20,20,20,20
獣域ウェルプ・岩 20,20,20,20,20,20,20,20
獣域ウェルプ・岩(耐性アップ状態) 20,20,20,20,20,-10,20,20
獣域ハウンド・雷 25,25,25,25,25,25,25,25
獣域ハウンド・雷(耐性アップ状態) 25,25,25,-40,25,25,25,25
獣域ハウンド・岩 25,25,25,25,25,25,25,25
獣域ハウンド・岩(耐性アップ状態) 25,25,25,25,25,-40,25,25
シャドウハスク・旗令 30,10,10,10,10,10,10,30
シャドウハスク・破陣 10,30,10,10,10,10,10,30
シャドウハスク・守衛 10,10,30,10,10,10,10,30
黒蛇騎士·斬風の剣 10,10,10,10,50,10,10,30
ファデュイ先遣隊 10,10,10,10,10,10,10,-20
ファデュイ先遣隊(シールド) 110,110,110,110,110,110,110,80
デットエージェント 50,10,10,10,10,10,10,-20
雷蛍術師 10,10,10,50,10,10,10,-20
氷蛍術師 10,10,50,10,10,10,10,-20
ミラーメイデン 10,50,10,10,10,10,10,-20
遺跡守衛 10,10,10,10,10,10,10,70
遺跡ハンター 10,10,10,10,10,10,10,50
遺跡重機 10,10,10,10,10,10,10,70
遺跡巡視者 10,10,10,10,10,10,10,30
遺跡殲滅者 10,10,10,10,10,10,10,30
遺跡防衛者 10,10,10,10,10,10,10,50
遺跡偵察者 10,10,10,10,10,10,10,50
遺跡ドレイク・陸行 10,10,10,10,10,10,10,50
遺跡ドレイク・陸行(元素吸収済み) 50,50,50,50,50,50,50,50
遺跡ドレイク・飛空 10,10,10,10,10,10,10,50
遺跡ドレイク・飛空(元素吸収済み) 50,50,50,50,50,50,50,50
プライマル構造体重力場発生器 10,10,10,10,10,10,10,10
プライマル構造体重力場発生器(インビジブル状態) 60,60,60,60,60,60,60,60
プライマル構造体再構築 10,10,10,10,10,10,10,10
プライマル構造体再構築(インビジブル状態) 60,60,60,60,60,60,60,60
プライマル構造体探査機 10,10,10,10,10,10,10,10
プライマル構造体探査機(インビジブル状態) 60,60,60,60,60,60,60,60
宝盗団 10,10,10,10,10,10,10,-20
野伏・陣刀番 10,10,10,10,10,10,10,-20
野伏・火付番 10,10,10,10,10,10,10,-20
野伏・機巧番 10,10,10,10,10,10,10,-20
海乱鬼・炎威 10,10,10,10,10,10,10,-20
海乱鬼・雷騰 10,10,10,10,10,10,10,-20
エルマイト旅団 10,10,10,10,10,10,10,-20
エルマイト旅団サンドウォーター 10,10,10,10,10,10,10,-20
エルマイト旅団サンドウォーター(ダウン状態) 10,-50,10,10,10,10,10,-20
エルマイト旅団サンフロスト 10,10,10,10,10,10,10,-20
エルマイト旅団サンフロスト(ダウン状態) 10,10,-50,10,10,10,10,-20
エルマイト旅団デイサンダー 10,10,10,10,10,10,10,-20
エルマイト旅団デイサンダー(ダウン状態) 10,10,10,-50,10,10,10,-20
エルマイト旅団ゲイルハンター 10,10,10,10,10,10,10,-20
エルマイト旅団ゲイルハンター(魔化状態) 60,60,60,60,60,60,60,30
エルマイト旅団ゲイルハンター(ダウン状態) 10,10,10,-50,10,10,10,-20
風の魔鳶 10,10,10,10,-50,10,10,10
エルマイト旅団スト－ンエンチャンター 10,10,10,10,10,10,10,-20
エルマイト旅団スト－ンエンチャンター(魔化状態) 60,60,60,60,60,60,60,30
エルマイト旅団スト－ンエンチャンター(ダウン状態) 10,10,10,10,-50,10,10,-20
岩の魔蜥 10,10,10,10,10,-50,10,10
トリックフラワー・炎 75,35,35,35,35,35,35,35
トリックフラワー・炎(気絶) 50,10,10,10,10,10,10,10
トリックフラワー・雷 35,35,35,75,35,35,35,35
トリックフラワー・雷(気絶) 10,10,10,50,10,10,10,10
トリックフラワー・氷 35,35,75,35,35,35,35,35
トリックフラワー・氷(気絶) 10,10,50,10,10,10,10,10
ベビーヴィシャップ 10,10,10,10,10,50,10,30
ヴィシャップ 10,10,10,10,10,50,10,30
ヴィシャップ(元素吸収済み) 30,30,30,30,10,50,10,30
アビサルヴィシャップ・原種(小) 10,20,10,10,10,10,10,30
アビサルヴィシャップ・原種(大) 10,30,10,10,10,10,10,30
アビサルヴィシャップ・噛氷(小) 10,10,20,10,10,10,10,30
アビサルヴィシャップ・噛氷(大) 10,10,30,10,10,10,10,30
アビサルヴィシャップ・吞雷(小) 10,10,10,20,10,10,10,30
アビサルヴィシャップ・吞雷(大) 10,10,10,30,10,10,10,30
水蛍 10,50,10,10,10,10,10,-50
氷蛍 10,10,50,10,10,10,10,-50
雷蛍 10,10,10,50,10,10,10,-50
プカプカ水キノコン 10,20,10,10,10,10,20,10
プカプカ風キノコン 10,10,10,10,20,10,20,10
プカプカ草キノコン 10,10,10,10,10,10,25,10
グルグル炎キノコン 20,10,10,10,10,10,20,10
グルグル雷キノコン 10,10,10,20,10,10,20,10
グルグル氷キノコン 10,10,20,10,10,10,20,10
ボヨヨン炎キノコン 20,10,10,10,10,10,20,10
ボヨヨン風キノコン 10,10,10,10,20,10,20,10
ボヨヨン雷キノコン 10,10,10,20,10,10,20,10
ボヨヨン岩キノコン 10,10,10,10,10,20,20,10
トコトコ水マッシュロン 10,30,10,10,10,10,30,10
パタパタ草マッシュロン 10,10,10,10,10,10,40,10
パタパタ氷マッシュロン 10,10,30,10,10,10,30,10
トコトコ岩マッシュロン 10,10,10,10,10,30,30,10
聖骸赤鷲 10,10,10,10,10,10,10,10
聖骸赤鷲(耐性アップ状態) 70,40,40,40,40,40,40,40
聖骸サソリ 10,10,10,10,10,10,10,10
聖骸サソリ(耐性アップ状態) 40,40,40,70,40,40,40,40
聖骸トビヘビ 10,10,10,10,10,10,10,10
聖骸トビヘビ(耐性アップ状態) 40,40,40,40,70,40,40,40
無相の炎 *,10,10,10,10,10,10,10
無相の水 10,*,10,10,10,10,10,10
無相の風 10,10,10,10,*,10,10,10
無相の雷 10,10,10,*,10,10,10,10
無相の氷 10,10,*,10,10,10,10,10
無相の岩 10,10,10,10,10,*,10,10
純水精霊 10,*,10,10,10,10,10,15
雷音権現 10,10,10,*,10,10,10,10
恒常からくり陣形 10,10,10,10,10,10,10,70
恒常からくり陣形(ダウン状態) -40,-40,-40,-40,-40,-40,-40,20
魔偶剣鬼 10,10,10,10,10,10,10,10
爆炎樹 170,110,110,110,110,110,110,130
爆炎樹(ダウン状態) 70,10,10,10,10,10,10,30
急凍樹 110,110,170,110,110,110,110,130
急凍樹(ダウン状態) 10,10,70,10,10,10,10,30
エンシェントヴィシャップ 10,10,10,10,10,50,10,30
エンシェントヴィシャップ(元素吸収済み) 30,30,30,30,10,50,10,30
黄金王獣 25,25,25,25,25,25,25,25
黄金王獣(ダウン状態) 25,25,25,25,25,-20,25,25
アビサルヴィシャップの群れ(氷) 10,10,30,10,10,10,10,30
アビサルヴィシャップの群れ(雷) 10,10,10,30,10,10,10,30
遺跡サーペント 10,10,10,10,10,10,10,70
マッシュラプトル 25,25,25,25,25,25,80,25
マッシュラプトル(ダウン状態) 0,0,0,0,0,0,55,0
迅電樹 310,310,310,370,310,310,310,330
迅電樹(ダウン状態) 10,10,10,70,10,10,10,30
兆載永劫ドレイク 10,10,10,10,10,10,10,70
兆載永劫ドレイク(耐性アップ状態) 70,70,70,70,70,70,70,70
半永久統制マトリックス 10,10,10,10,10,10,10,10
半永久統制マトリックス(インビジブル状態) 210,210,210,210,210,210,210,210
風蝕ウェネト 25,25,25,25,60,25,25,25
風蝕ウェネト(耐性ダウン状態) -20,-20,-20,-20,60,25,25,25
アンドリアス 10,10,*,10,*,10,10,10
トワリン 10,10,10,10,10,10,10,10
「公子」(第一形態) 0,50,0,0,0,0,0,0
「公子」(第一形態ガードブレイク成功時) -30,20,-30,-30,-30,-30,-30,-30
「公子」(第二形態) 0,0,0,50,0,0,0,0
「公子」(第二形態ガードブレイク成功時) -50,-50,-50,0,-50,-50,-50,-50
「公子」(第三形態) 0,70,0,70,0,0,0,0
若陀龍王 10,10,10,10,10,70,10,40
若陀龍王(属性変化済み) 70,70,60,60,10,70,10,40
「淑女」 10,10,50,10,10,10,10,10
焚尽の灼炎魔女 70,10,10,10,10,10,10,10
禍津御建鳴神命 10,10,10,10,10,10,10,10
禍津御建鳴神命(シールド) 210,210,210,210,210,210,210,210
禍津御建鳴神命(ダウン) -50,-50,-50,-50,-50,-50,-50,-50
七葉寂照秘密主(第一段階) 10,10,10,50,10,10,10,10
七葉寂照秘密主(第二段階) 30,30,30,90,30,30,30,30
七葉寂照秘密主(第二段階シールド) 230,230,230,230,230,230,230,230
七葉寂照秘密主(第二段階ダウン) -140,-140,-140,-140,-140,-140,-140,-140